10000000 27 83 66 103 101 148 135 70 118 126 39 41 14 39 32 23 104 144 95 105 124 141 99 59 39 31 68 121 150 101 142 94 163 63 67 
67 10000000 57 40 77 110 157 141 136 184 191 105 77 80 105 98 89 131 177 122 132 151 168 126 86 66 58 95 148 161 81 163 68 190 129 41 
44 58 10000000 17 21 54 101 85 108 156 169 82 54 57 82 75 66 147 187 138 148 167 184 142 102 82 74 111 164 165 103 167 72 206 106 63 
28 42 63 10000000 83 98 145 132 97 145 153 66 38 41 66 59 50 131 171 122 132 151 168 126 86 66 58 95 148 167 87 169 74 190 90 47 
107 121 64 80 10000000 34 81 65 88 136 209 131 117 120 145 138 129 210 227 201 190 209 196 154 165 145 137 123 176 145 108 147 52 269 94 84 
110 136 162 175 143 10000000 48 35 55 103 176 98 98 97 129 136 132 199 194 204 214 233 250 208 168 148 140 177 230 223 205 225 149 236 61 176 
158 172 115 131 96 61 10000000 41 115 163 236 158 158 157 189 189 180 259 254 252 240 259 246 204 216 196 188 173 208 176 158 178 102 296 121 134 
144 170 133 149 114 35 32 10000000 89 134 210 132 132 131 163 170 166 233 228 238 248 267 264 222 202 182 174 191 226 194 176 196 120 270 95 152 
96 122 178 161 197 55 102 89 10000000 49 159 84 84 83 115 122 118 185 180 190 200 219 236 194 154 134 126 163 216 245 196 237 189 222 47 162 
80 106 162 145 182 92 139 126 38 10000000 115 68 68 67 99 106 102 138 133 150 184 203 220 178 138 118 110 147 200 229 180 221 173 175 58 146 
205 231 287 270 307 217 256 238 163 126 10000000 193 193 192 224 231 227 145 140 157 185 166 231 216 250 243 235 252 283 333 298 326 298 114 183 271 
39 65 121 104 141 89 136 123 58 106 88 10000000 29 26 32 39 48 111 106 123 143 162 179 137 97 77 69 106 159 188 139 180 132 148 51 105 
152 178 222 217 203 61 108 95 97 145 218 140 10000000 139 171 178 174 241 236 246 256 275 292 250 210 190 182 219 272 283 252 285 209 278 103 218 
14 40 96 79 116 88 135 122 57 105 113 26 28 10000000 33 40 36 117 131 108 118 137 154 112 72 52 44 81 134 163 114 155 107 173 50 80 
39 49 105 88 125 120 167 154 89 137 119 32 60 33 10000000 8 17 124 137 115 125 144 161 119 79 59 51 88 141 170 121 162 116 179 82 89 
32 42 98 81 118 116 163 150 85 133 115 28 56 29 8 10000000 10 117 133 108 118 137 154 112 72 52 44 81 134 163 114 155 109 175 78 82 
23 33 89 72 109 123 170 157 92 140 124 37 63 36 17 10 10000000 108 142 99 109 128 145 103 63 43 35 72 125 154 105 146 100 167 85 73 
109 135 191 174 211 134 181 168 94 114 61 97 97 96 128 135 131 10000000 47 64 117 136 163 148 167 147 139 176 222 258 209 250 202 121 87 175 
128 154 210 193 230 153 200 187 113 133 80 116 116 115 147 154 150 20 10000000 18 71 90 117 102 136 149 158 138 176 220 184 212 221 86 106 194 
154 180 236 219 256 179 226 213 139 159 106 142 142 141 173 180 176 46 58 10000000 54 73 100 85 119 132 184 121 159 203 167 195 242 69 132 215 
180 166 200 205 220 244 291 278 204 224 166 207 207 193 200 193 184 111 113 83 10000000 20 47 32 66 79 150 68 106 150 114 142 189 96 197 162 
213 206 240 245 260 238 285 272 198 218 147 201 201 200 232 233 224 105 94 64 41 10000000 68 72 106 119 190 108 118 168 154 182 229 77 191 202 
185 171 205 210 225 249 296 283 209 229 176 212 212 198 205 198 189 116 151 107 73 58 10000000 37 71 84 155 73 60 110 119 147 194 134 202 167 
149 135 169 174 189 213 260 247 173 193 140 176 176 162 169 162 153 80 126 71 37 56 83 10000000 35 48 119 37 90 119 83 111 158 132 166 131 
154 147 181 186 201 179 226 213 139 159 106 142 142 141 173 174 165 46 92 37 47 66 93 78 10000000 60 131 49 102 131 95 123 170 105 132 143 
174 167 201 206 221 199 246 233 159 179 126 162 162 161 193 194 185 66 112 57 67 86 113 98 21 10000000 151 69 122 151 115 143 190 125 152 163 
31 17 73 56 93 126 173 157 100 148 134 69 71 44 51 44 35 74 120 65 75 94 111 69 29 9 10000000 38 91 11971 112 84 133 93 57 0 
113 99 133 138 153 186 233 217 182 224 171 151 153 126 133 126 117 111 157 102 68 87 74 32 66 79 83 10000000 54 83 47 75 122 163 175 95 
145 131 165 170 185 218 257 226 214 262 235 183 185 158 165 158 149 175 210 166 132 117 60 96 130 123 115 94 10000000 51 79 93 148 193 207 127 
95 81 115 120 135 168 215 199 164 212 198 133 135 108 115 108 99 138 184 129 111 130 82 75 93 73 65 44 58 10000000 29 57 104 197 157 77 
67 53 102 92 122 155 202 186 136 184 170 105 107 80 87 80 71 110 156 101 83 102 89 47 65 45 37 16 69 98 10000000 90 91 169 129 64 
130 125 87 103 107 140 187 171 194 242 242 168 140 143 159 152 143 182 228 173 155 174 161 119 137 117 109 88 141 169 73 10000000 76 241 192 49 
114 109 71 87 52 85 132 116 139 187 226 152 124 127 143 136 127 166 212 157 139 158 145 103 121 101 93 72 125 94 57 96 10000000 225 145 33 
147 173 229 212 249 172 219 206 132 152 81 135 135 134 166 173 169 39 28 45 76 77 122 107 141 154 177 143 181 225 189 217 240 10000000 125 213 
103 129 185 168 204 62 109 96 8 56 166 91 91 90 122 129 125 192 187 197 207 226 243 201 161 141 133 170 223 252 203 244 196 229 10000000 169 
82 96 39 55 59 92 139 123 146 194 207 120 92 95 120 113 104 185 225 176 166 185 172 130 140 120 112 99 152 121 84 123 28 244 144 10000000