100000001 27 83 66 103 101 148 135 76 70 118 43 90 126 39 41 14 39 32 23 104 144 95 105 124 141 99 59 39 31 68 121 150 101 142 94 163 63 67 
67 100000001 57 40 77 110 157 141 142 136 184 109 156 191 105 77 80 105 98 89 131 177 122 132 151 168 126 86 66 58 95 148 161 81 163 68 190 129 41 
44 58 100000001 17 21 54 101 85 88 108 156 86 133 169 82 54 57 82 75 66 147 187 138 148 167 184 142 102 82 74 111 164 165 103 167 72 206 106 63 
28 42 63 100000001 83 98 145 132 103 97 145 70 117 153 38 41 66 59 50 131 171 122 132 151 168 126 86 66 58 95 148 167 87 169 74 190 90 47 0 
107 121 64 80 100000001 34 81 65 68 88 136 101 148 209 131 117 120 145 138 129 210 227 201 190 209 196 154 165 145 137 123 176 145 108 147 52 269 94 84 
110 136 162 175 143 100000001 48 35 35 55 103 68 115 176 98 98 97 129 136 132 199 194 204 214 233 250 208 168 148 140 177 230 223 205 225 149 236 61 176 
158 172 115 131 96 61 100000001 41 95 115 163 128 175 236 158 158 157 189 189 180 259 254 252 240 259 246 204 216 196 188 173 208 176 158 178 102 296 121 134 
144 170 133 149 114 35 32 100000001 69 89 134 102 149 210 132 132 131 163 170 166 233 228 238 248 267 264 222 202 182 174 191 226 194 176 196 120 270 95 152 
76 102 158 141 177 35 82 69 100000001 21 69 34 81 142 64 64 63 95 102 98 165 160 170 180 199 216 174 134 114 106 143 196 225 176 217 169 202 27 142 
96 122 178 161 197 55 102 89 21 100000001 49 54 101 159 84 84 83 115 122 118 185 180 190 200 219 236 194 154 134 126 163 216 245 196 237 189 222 47 162 
80 106 162 145 182 92 139 126 58 38 100000001 38 54 115 68 68 67 99 106 102 138 133 150 184 203 220 178 138 118 110 147 200 229 180 221 173 175 58 146 
43 69 125 108 145 68 115 102 34 28 76 100000001 48 109 31 31 30 62 69 65 132 127 137 147 166 183 141 101 81 73 110 163 192 143 184 136 169 21 109 
84 110 166 149 186 109 156 143 75 69 89 42 100000001 62 72 72 71 103 110 106 85 80 97 145 164 191 176 142 122 114 151 204 233 184 225 177 122 62 150 
205 231 287 270 307 217 256 238 183 163 126 163 124 100000001 193 193 192 224 231 227 145 140 157 185 166 231 216 250 243 235 252 283 333 298 326 298 114 183 271 
39 65 121 104 141 89 136 123 64 58 106 31 78 88 100000001 29 26 32 39 48 111 106 123 143 162 179 137 97 77 69 106 159 188 139 180 132 148 51 105 
152 178 222 217 203 61 108 95 77 97 145 110 157 218 140 100000001 139 171 178 174 241 236 246 256 275 292 250 210 190 182 219 272 283 252 285 209 278 103 218 
14 40 96 79 116 88 135 122 63 57 105 30 77 113 26 28 100000001 33 40 36 117 131 108 118 137 154 112 72 52 44 81 134 163 114 155 107 173 50 80 
39 49 105 88 125 120 167 154 95 89 137 62 109 119 32 60 33 100000001 8 17 124 137 115 125 144 161 119 79 59 51 88 141 170 121 162 116 179 82 89 
32 42 98 81 118 116 163 150 91 85 133 58 105 115 28 56 29 8 100000001 10 117 133 108 118 137 154 112 72 52 44 81 134 163 114 155 109 175 78 82 
23 33 89 72 109 123 170 157 98 92 140 65 112 124 37 63 36 17 10 100000001 108 142 99 109 128 145 103 63 43 35 72 125 154 105 146 100 167 85 73 
109 135 191 174 211 134 181 168 100 94 114 67 86 61 97 97 96 128 135 131 100000001 47 64 117 136 163 148 167 147 139 176 222 258 209 250 202 121 87 175 
128 154 210 193 230 153 200 187 119 113 133 86 105 80 116 116 115 147 154 150 20 100000001 18 71 90 117 102 136 149 158 138 176 220 184 212 221 86 106 194 
154 180 236 219 256 179 226 213 145 139 159 112 131 106 142 142 141 173 180 176 46 58 100000001 54 73 100 85 119 132 184 121 159 203 167 195 242 69 132 215 
180 166 200 205 220 244 291 278 210 204 224 177 196 166 207 207 193 200 193 184 111 113 83 100000001 20 47 32 66 79 150 68 106 150 114 142 189 96 197 162 
213 206 240 245 260 238 285 272 204 198 218 171 190 147 201 201 200 232 233 224 105 94 64 41 100000001 68 72 106 119 190 108 118 168 154 182 229 77 191 202 
185 171 205 210 225 249 296 283 215 209 229 182 201 176 212 212 198 205 198 189 116 151 107 73 58 100000001 37 71 84 155 73 60 110 119 147 194 134 202 167 
149 135 169 174 189 213 260 247 179 173 193 146 165 140 176 176 162 169 162 153 80 126 71 37 56 83 100000001 35 48 119 37 90 119 83 111 158 132 166 131 
154 147 181 186 201 179 226 213 145 139 159 112 131 106 142 142 141 173 174 165 46 92 37 47 66 93 78 100000001 60 131 49 102 131 95 123 170 105 132 143 
174 167 201 206 221 199 246 233 165 159 179 132 151 126 162 162 161 193 194 185 66 112 57 67 86 113 98 21 100000001 151 69 122 151 115 143 190 125 152 163 
31 17 73 56 93 126 173 157 106 100 148 73 120 134 69 71 44 51 44 35 74 120 65 75 94 111 69 29 9 100000001 38 91 120 71 112 84 133 93 57 
113 99 133 138 153 186 233 217 188 182 224 155 196 171 151 153 126 133 126 117 111 157 102 68 87 74 32 66 79 83 100000001 54 83 47 75 122 163 175 95 
145 131 165 170 185 218 257 226 220 214 262 187 234 235 183 185 158 165 158 149 175 210 166 132 117 60 96 130 123 115 94 100000001 51 79 93 148 193 207 127 
95 81 115 120 135 168 215 199 170 164 212 137 184 198 133 135 108 115 108 99 138 184 129 111 130 82 75 93 73 65 44 58 100000001 29 57 104 197 157 77 
67 53 102 92 122 155 202 186 142 136 184 109 156 170 105 107 80 87 80 71 110 156 101 83 102 89 47 65 45 37 16 69 98 100000001 90 91 169 129 64 
130 125 87 103 107 140 187 171 174 194 242 172 219 242 168 140 143 159 152 143 182 228 173 155 174 161 119 137 117 109 88 141 169 73 100000001 76 241 192 49 
114 109 71 87 52 85 132 116 119 139 187 152 199 226 152 124 127 143 136 127 166 212 157 139 158 145 103 121 101 93 72 125 94 57 96 100000001 225 145 33 
147 173 229 212 249 172 219 206 138 132 152 105 124 81 135 135 134 166 173 169 39 28 45 76 77 122 107 141 154 177 143 181 225 189 217 240 100000001 125 213 
103 129 185 168 204 62 109 96 28 8 56 61 108 166 91 91 90 122 129 125 192 187 197 207 226 243 201 161 141 133 170 223 252 203 244 196 229 100000001 169 
82 96 39 55 59 92 139 123 126 146 194 124 171 207 120 92 95 120 113 104 185 225 176 166 185 172 130 140 120 112 99 152 121 84 123 28 244 144 100000001 