100000001 27 47 75 83 66 103 101 148 135 76 70 107 118 43 72 159 90 126 39 41 14 104 144 95 105 124 141 99 59 39 31 68 121 150 101 116 142 95 94 123 114 163 63 67 
67 100000001 21 49 57 40 77 110 157 141 142 136 173 184 109 138 225 156 191 105 77 80 131 177 122 132 151 168 126 86 66 58 95 148 161 81 143 163 75 68 97 88 190 129 41 
47 54 100000001 29 37 20 57 90 137 121 122 116 153 164 89 118 205 136 171 85 57 60 111 157 102 112 131 148 106 66 46 38 75 128 141 61 123 143 55 48 77 68 170 109 21 
74 88 73 100000001 31 47 51 84 131 115 118 138 175 186 116 145 232 163 199 112 84 87 177 217 168 177 196 183 141 132 112 104 110 163 132 95 132 134 57 39 68 40 236 136 71 
44 58 43 71 100000001 17 21 54 101 85 88 108 145 156 86 115 202 133 169 82 54 57 147 187 138 148 167 184 142 102 82 74 111 164 165 103 159 167 90 72 101 43 206 106 63 
28 42 27 55 63 100000001 83 98 145 132 103 97 134 145 70 99 186 117 153 66 38 41 131 171 122 132 151 168 126 86 66 58 95 148 167 87 143 169 81 74 103 94 190 90 47 
107 121 106 92 64 80 100000001 34 81 65 68 88 125 136 101 130 200 148 209 131 117 120 210 227 201 190 209 196 154 165 145 137 123 176 145 108 145 147 70 52 81 23 269 94 84 
110 136 156 184 162 175 143 100000001 48 35 35 55 92 103 68 97 167 115 176 98 98 97 199 194 204 214 233 250 208 168 148 140 177 230 223 205 223 225 167 149 118 121 236 61 176 
158 172 157 142 115 131 96 61 100000001 41 95 115 152 163 128 157 227 175 236 158 158 157 259 254 252 240 259 246 204 216 196 188 173 208 176 158 176 178 120 102 71 74 296 121 134 
144 170 175 160 133 149 114 35 32 100000001 69 89 123 134 102 131 198 149 210 132 132 131 233 228 238 248 267 264 222 202 182 174 191 226 194 176 194 196 138 120 89 92 270 95 152 
76 102 122 150 158 141 177 35 82 69 100000001 21 58 69 34 63 133 81 142 64 64 63 165 160 170 180 199 216 174 134 114 106 143 196 225 176 191 217 170 169 152 155 202 27 142 
96 122 142 170 178 161 197 55 102 89 21 100000001 38 49 54 83 113 101 159 84 84 83 185 180 190 200 219 236 194 154 134 126 163 216 245 196 211 237 190 189 172 175 222 47 162 
91 117 137 165 173 156 193 92 139 123 58 38 100000001 12 49 47 76 65 122 79 79 78 149 144 161 195 214 231 189 149 129 121 158 211 240 191 206 232 185 184 209 204 185 69 157 
80 106 126 154 162 145 182 92 139 126 58 38 55 100000001 38 36 104 54 115 68 68 67 138 133 150 184 203 220 178 138 118 110 147 200 229 180 195 221 173173 202 193 175 58 146 0 
43 69 89 117 125 108 145 68 115 102 34 28 65 76 100000001 30 117 48 109 31 31 30 132 127 137 147 166 183 141 101 81 73 110 163 192 143 158 184 137 136 165 156 169 21 109 
102 128 148 176 184 167 204 127 174 161 93 84 70 47 60 100000001 88 19 80 90 90 89 103 98 115 163 182 209 194 160 140 132 169 222 251 202 217 243 196 195 224 215 140 80 168 
93 119 139 167 175 158 195 118 165 152 84 78 115 98 51 52 100000001 10 47 81 81 80 94 89 106 154 173 200 185 151 131 123 160 213 242 193 208 234 187 186 215 206 131 71 159 
84 110 130 158 166 149 186 109 156 143 75 69 106 89 42 43 130 100000001 62 72 72 71 85 80 97 145 164 191 176 142 122 114 151 204 233 184 199 225 178 177 206 197 122 62 150 
205 231 251 279 287 270 307 217 256 238 183 163 148 126 163 161 115 124 100000001 193 193 192 145 140 157 185 166 231 216 250 243 235 252 283 333 298 300 326 299 298 326 318 114 183 271 
39 65 85 113 121 104 141 89 136 123 64 58 95 106 31 60 147 78 88 100000001 29 26 111 106 123 143 162 179 137 97 77 69 106 159 188 139 154 180 133 132 161 152 148 51 105 
152 178 198 226 222 217 203 61 108 95 77 97 134 145 110 139 209 157 218 140 100000001 139 241 236 246 256 275 292 250 210 190 182 219 272 283 252 267 285 227 209 178 181 278 103 218 
14 40 60 88 96 79 116 88 135 122 63 57 94 105 30 59 146 77 113 26 28 100000001 117 131 108 118 137 154 112 72 52 44 81 134 163 114 129 155 108 107 136 127 173 50 80 
109 135 155 183 191 174 211 134 181 168 100 94 131 114 67 68 155 86 61 97 97 96 100000001 47 64 117 136 163 148 167 147 139 176 222 258 209 224 250 203 202 231 222 121 87 175 
128 154 174 202 210 193 230 153 200 187 119 113 150 133 86 87 174 105 80 116 116 115 20 100000001 18 71 90 117 102 136 149 158 138 176 220 184 186 212 222 221 250 241 86 106 194 
154 180 200 223 236 219 256 179 226 213 145 139 176 159 112 113 200 131 106 142 142 141 46 58 100000001 54 73 100 85 119 132 184 121 159 203 167 169 195 210 242 271 262 69 132 215 
180 166 186 170 200 205 220 244 291 278 210 204 241 224 177 178 261 196 166 207 207 193 111 113 83 100000001 20 47 32 66 79 150 68 106 150 114 116 142 157 189 218 209 96 197 162 
213 206 226 210 240 245 260 238 285 272 204 198 235 218 171 172 242 190 147 201 201 200 105 94 64 41 100000001 68 72 106 119 190 108 118 168 154 156 182 197 229 255 249 77 191 202 
185 171 191 175 205 210 225 249 296 283 215 209 246 229 182 183 270 201 176 212 212 198 116 151 107 73 58 100000001 37 71 84 155 73 60 110 119 121 147 162 194 197 214 134 202 167 
149 135 155 139 169 174 189 213 260 247 179 173 210 193 146 147 234 165 140 176 176 162 80 126 71 37 56 83 100000001 35 48 119 37 90 119 83 85 111 126 158 187 178 132 166 131 
154 147 167 151 181 186 201 179 226 213 145 139 176 159 112 113 200 131 106 142 142 141 46 92 37 47 66 93 78 100000001 60 131 49 102 131 95 97 123 138 170 199 190 105 132 143 
174 167 187 171 201 206 221 199 246 233 165 159 196 179 132 133 220 151 126 162 162 161 66 112 57 67 86 113 98 21 100000001 151 69 122 151 115 117 143 158 190 219 210 125 152 163 
31 17 37 65 73 56 93 126 173 157 106 100 137 148 73 102 189 120 134 69 71 44 74 120 65 75 94 111 69 29 9 100000001 38 91 120 71 86 112 65 84 113 104 133 93 57 
113 99 119 103 133 138 153 186 233 217 188 182 219 224 155 178 265 196 171 151 153 126 111 157 102 68 87 74 32 66 79 83 100000001 54 83 47 49 75 90 122 151 142 163 175 95 
145 131 151 135 165 170 185 218 257 226 220 214 251 262 187 216 303 234 235 183 185 158 175 210 166 132 117 60 96 130 123 115 94 100000001 51 79 81 93 122 148 138 174 193 207 127 
95 81 101 85 115 120 135 168 215 199 170 164 201 212 137 166 253 184 198 133 135 108 138 184 129 111 130 82 75 93 73 65 44 58 100000001 29 31 57 72 104 133 124 197 157 77 
67 53 73 72 102 92 122 155 202 186 142 136 173 184 109 138 225 156 170 105 107 80 110 156 101 83 102 89 47 65 45 37 16 69 98 100000001 64 90 59 91 120 111 169 129 64 
114 100 120 55 85 101 105 138 185 169 172 183 220 231 156 185 272 203 217 152 138 127 157 203 148 130 149 123 94 112 92 84 63 74 42 48 100000001 27 42 74 103 94 216 176 47 
130 125 129 57 87 103 107 140 187 171 174 194 231 242 172 201 288 219 242 168 140 143 182 228 173 155 174 161 119 137 117 109 88 141 169 73 136 100000001 35 76 105 96 241 192 49 
96 91 95 23 53 69 73 106 153 137 140 160 197 208 138 167 254 185 208 134 106 109 148 194 139 121 140 127 85 103 83 75 54 107 135 39 102 128 100000001 42 71 62 207 158 15 
114 109 113 41 71 87 52 85 132 116 119 139 176 187 152 181 251 199 226 152 124 127 166 212 157 139 158 145 103 121 101 93 72 125 94 57 94 96 19 100000001 30 30 225 145 33 
147 161 146 102 104 120 85 118 120 89 152 172 209 220 185 214 284 232 272 185 157 160 227 273 218 200 219 187 164 182 162 154 133 138 106 118 106 108 80 62 100000001 63 286 178 94 
85 99 84 70 42 58 23 56 103 87 90 110 147 158 123 152 222 170 210 123 95 98 188 228 179 168 187 174 132 143 123 115 101 154 123 86 123 125 48 30 59 100000001 247 116 62 
147 173 193 221 229 212 249 172 219 206 138 132 169 152 105 106 193 124 81 135 135 134 39 28 45 76 77 122 107 141 154 177 143 181 225 189 191 217 232 240 269 260 100000001 125 213 
103 129 149 177 185 168 204 62 109 96 28 8 45 56 61 90 120 108 166 91 91 90 192 187 197 207 226 243 201 161 141 133 170 223 252 203 218 244 197 196 179 182 229 100000001 169 
82 96 81 9 39 55 59 92 139 123 126 146 183 194 124 153 240 171 207 120 92 95 185 225 176 166 185 172 130 140 120 112 99 152 121 84 121 123 46 28 57 48 244 144 1000000001