100000001 40 157 142 136 184 109 191 105 77 80 105 131 122 132 168 126 86 66 161 81 163 68 190 129 21 49 127 82 157 173 163 125 96 134 165 98 76 83 143 75 97 88 129 177 120 122 41 
42 100000001 145 103 97 145 70 153 66 38 41 66 131 122 132 168 126 86 66 167 87 169 74 190 90 27 55 88 88 118 134 124 86 57 134 165 98 76 83 143 81 103 94 135 183 120 122 47 
172 131 100000001 95 115 163 128 236 158 158 157 189 259 252 240 246 204 216 196 176 158 178 102 296 121 157 142 137 35 136 152 182 178 106 264 289 228 206 177 176 120 71 74 73 192 226 252 134 
102 141 82 100000001 21 69 34 142 64 64 63 95 165 170 180 216 174 134 114 225 176 217 169 202 27 122 150 43 57 42 58 88 84 12 182 213 146 124 131 191 170 152 155 154 241 168 170 142 
122 161 102 21 100000001 49 54 159 84 84 83 115 185 190 200 236 194 154 134 245 196 237 189 222 47 142 170 63 77 22 38 90 104 32 202 233 166 144 151 211 190 172 175 174 261 188 190 162 
106 145 139 58 38 100000001 38 115 68 68 67 99 138 150 184 220 178 138 118 229 180 221 173 175 58 126 154 100 114 59 55 42 88 69 157 188 150 128 135 195 174 202 193 211 245 172 168 146 
69 108 115 34 28 76 100000001 109 31 31 30 62 132 137 147 183 141 101 81 192 143 184 136 169 21 89 117 76 90 49 65 55 51 45 149 180 113 91 98 158 137 165 156 187 208 135 137 109 
231 270 256 183 163 126 163 100000001 193 193 192 224 145 157 185 231 216 250 243 333 298 326 298 114 183 251 279 225 239 174 148 105 164 194 148 175 187 253 260 300 299 326 318 328 349 238 175 271 
65 104 136 64 58 106 31 88 100000001 29 26 32 111 123 143 179 137 97 77 188 139 180 132 148 51 85 113 79 93 79 95 85 21 48 130 161 109 87 94 154 133 161 152 193 204 131 133 105 
178 217 108 77 97 145 110 218 140 100000001 139 171 241 246 256 292 250 210 190 283 252 285 209 278 103 198 226 51 65 118 134 164 160 20 258 289 222 200 207 267 227 178 181 180 299 244 246 218 
40 79 135 63 57 105 30 113 26 28 100000001 33 117 108 118 154 112 72 52 163 114 155 107 173 50 60 88 78 92 78 94 84 46 47 120 151 84 62 69 129 108 136 127 168 179 106 108 80 
49 88 167 95 89 137 62 119 32 60 33 100000001 124 115 125 161 119 79 59 170 121 162 116 179 82 69 97 110 124 110 126 116 52 79 127 158 91 69 76 136 115 145 136 177 186 113 115 89 
135 174 181 100 94 114 67 61 97 97 96 128 100000001 64 117 163 148 167 147 258 209 250 202 121 87 155 183 142 156 115 131 93 20 111 76 107 94 157 164 224 203 231 222 253 274 170 82 175 
180 219 226 145 139 159 112 106 142 142 141 173 46 100000001 54 100 85 119 132 203 167 195 242 69 132 200 223 187 201 160 176 138 65 156 13 44 31 202 186 169 210 271 262 298 219 107 19 215 
166 205 291 210 204 224 177 166 207 207 193 200 111 83 100000001 47 32 66 79 150 114 142 189 96 197 186 170 252 225 225 241 203 130 221 71 50 78 168 133 116 157 218 209 250 166 54 101 162 
171 210 296 215 209 229 182 176 212 212 198 205 116 107 73 100000001 37 71 84 110 119 147 194 134 202 191 175 257 230 230 246 208 135 226 109 88 83 173 138 121 162 197 214 229 126 59 107 167 
135 174 260 179 173 193 146 140 176 176 162 169 80 71 37 83 100000001 35 48 119 83 111 158 132 166 155 139 221 194 194 210 172 99 190 83 86 47 137 102 85 126 187 178 219 135 23 71 131 
147 186 226 145 139 159 112 106 142 142 141 173 46 37 47 93 78 100000001 60 131 95 123 170 105 132 167 151 187 201 160 176 138 65 156 49 80 13 149 114 97 138 199 190 231 147 35 37 143 
167 206 246 165 159 179 132 126 162 162 161 193 66 57 67 113 98 21 100000001 151 115 143 190 125 152 187 171 207 221 180 196 158 85 176 69 100 33 169 134 117 158 219 210 251 167 55 57 163 
81 120 215 170 164 212 137 198 133 135 108 115 138 129 111 82 75 93 73 100000001 29 57 104 197 157 101 85 185 140 185 201 191 153 154 141 160 105 83 48 31 72 133 124 165 17 97 129 77 
53 92 202 142 136 184 109 170 105 107 80 87 110 101 83 89 47 65 45 98 100000001 90 91 169 129 73 72 157 127 157 173 163 125 126 113 132 77 55 20 64 59 120 111 152 114 69 101 64 
125 103 187 174 194 242 172 242 168 140 143 159 182 173 155 161 119 137 117 169 73 100000001 76 241 192 129 57 190 112 215 231 226 188 159 185 204 149 127 92 136 35 105 96 137 185 141 173 49 
109 87 132 119 139 187 152 226 152 124 127 143 166 157 139 145 103 121 101 94 57 96 100000001 225 145 113 41 161 57 160 176 206 172 130 169 188 133 111 76 94 19 30 30 62 110 125 157 33 
173 212 219 138 132 152 105 81 135 135 134 166 39 45 76 122 107 141 154 225 189 217 240 100000001 125 193 221 180 194 153 169 131 58 149 35 66 75 195 202 191 232 269 260 291 241 129 63 213 
129 168 109 28 8 56 61 166 91 91 90 122 192 197 207 243 201 161 141 252 203 244 196 229 100000001 149 177 70 84 29 45 97 111 39 209 240 173 151 158 218 197 179 182 181 268 195 197 169 
54 20 137 122 116 164 89 171 85 57 60 85 111 102 112 148 106 66 46 141 61 143 48 170 109 100000001 29 107 62 137 153 143 105 76 114 145 78 56 63 123 55 77 68 109 157 100 102 21 
88 47 131 118 138 186 116 199 112 84 87 112 177 168 177 183 141 132 112 132 95 134 39 236 136 73 100000001 134 56 159 175 170 132 103 180 211 144 122 114 132 57 68 40 100 148 163 168 71 
156 195 86 55 75 123 88 196 118 118 117 149 219 224 234 270 228 188 168 261 230 263 187 256 81 176 204 100000001 15 96 112 142 138 66 236 267 200 178 185 245 205 156 159 158 277 222 224 196 
164 203 76 63 83 131 96 204 126 126 125 157 227 232 242 278 236 196 176 251 233 253 177 264 89 184 212 105 100000001 104 120 150 146 74 244 275 208 186 193 251 195 146 149 148 267 230 232 204 
144 183 110 43 52 56 76 166 106 106 105 137 193 205 222 258 216 176 156 267 218 259 211 229 69 164 192 85 99 100000001 45 97 126 54 212 243 188 166 173 233 212 180 183 182 283 210 212 184 
117 156 139 58 38 12 49 122 79 79 78 110 149 161 195 231 189 149 129 240 191 232 184 185 69 137 165 100 114 45 100000001 53 99 69 168 199 161 139 146 206 185 209 204 211 256 183 179 157 
127 166 160 79 59 22 59 109 89 89 88 120 156 168 205 241 199 159 139 250 201 242 194 172 79 147 175 121 135 80 45 100000001 109 90 175 206 171 149 156 216 195 223 214 232 266 193 186 167 
116 155 162 81 75 95 48 68 78 78 77 109 91 103 151 197 182 148 128 239 190 231 183 128 68 136 164 123 137 96 112 74 100000001 92 110 141 133 138 145 205 184 212 203 234 255 182 121 156 
159 198 89 58 78 126 91 199 121 56 120 152 222 227 237 273 231 191 171 264 233 266 190 259 84 179 207 32 46 99 115 145 141 100000001 239 270 203 181 188 248 208 159 162 161 280 225 227 199 
191 230 237 156 150 170 123 99 153 153 152 184 57 13 42 88 73 107 120 191 155 183 230 57 143 211 211 198 212 171 187 149 76 167 100000001 32 43 209 174 157 198 259 250 291 207 95 31 203 
176 215 301 220 214 234 187 176 217 217 203 210 121 93 11 57 42 76 89 160 124 152 199 106 207 196 180 262 235 235 251 213 140 231 81 100000001 88 178 143 126 167 228 219 260 176 64 111 172 
200 239 325 244 238 258 211 200 241 241 227 234 145 117 35 81 66 100 113 184 148 176 223 130 231 220 204 286 259 259 275 237 164 255 105 84 100000001 202 167 150 191 252 243 284 200 88 135 196 
41 80 190 130 124 172 97 158 93 95 68 75 98 89 87 93 51 53 33 102 53 94 79 157 117 61 60 145 115 145 161 151 113 114 101 132 65 100000001 8 68 47 108 99 140 118 73 89 52 
34 73 183 123 117 165 90 151 86 88 61 68 91 82 92 128 86 46 26 137 46 129 72 150 110 54 53 138 108 138 154 144 106 107 94 125 58 36 100000001 103 40 101 92 133 153 80 82 45 
100 101 185 172 183 231 156 217 152 138 127 134 157 148 130 123 94 112 92 42 48 27 74 216 176 120 55 188 110 204 220 210 172 157 160 179 124 102 67 100000001 42 103 94 135 58 116 148 47 
91 69 153 140 160 208 138 208 134 106 109 125 148 139 121 127 85 103 83 135 39 128 42 207 158 95 23 156 78 181 197 192 154 125 151 170 115 93 58 102 100000001 71 62 103 151 107 139 15 
161 120 120 152 172 220 185 272 185 157 160 185 227 218 200 187 164 181162 106 118 108 62 286 178 146 102 194 90 191 209 239 205 163 230 249 194 172 137 106 80 100000001 63 33 122 186 218 94 0 
99 58 103 90 110 158 123 210 123 95 98 123 188 179 168 174 132 143 123 123 86 125 30 247 116 84 70 132 28 131 147 177 143 101 191 217 155 133 105 123 48 59 100000001 68 139 154 179 62 
129 88 121 120 140 188 153 240 153 125 128 153 195 186 168 174 132 150 130 123 86 125 30 254 146 114 70 162 58 161 177 207 173 131 198 217 162 140 105 123 48 59 31 100000001 139 154 186 62 
151 190 277 240 234 282 207 241 203 205 178 185 181 172 138 66 102 136 143 71 99 113 168 199 227 171 155 255 210 255 271 261 200 224 174 153 148 153 118 101 142 158 194 190 100000001 124 172 147 
113 152 247 202 196 238 169 185 165 167 140 147 125 116 82 88 46 80 93 97 61 89 136 177 189 133 117 217 172 217 233 217 144 186 128 131 92 115 80 63 104 165 156 197 113 100000001 116 109 
212 251 337 256 250 270 223 212 253 253 239 246 157 129 47 93 78 112 125 196 160 188 235 142 243 232 216 298 271 271 287 249 176 267 117 96 13 214 179 162 203 264 255 296 212 100 100000001 208 
96 55 139 126 146 194 124 207 120 92 95 120 185 176 166 172 130 140 120 121 84 123 28 244 144 81 9 142 64 167 183 178 140 111 188 215 152 130 103 121 46 57 48 89 137 152 176 100000001 