10000000 57 40 77 110 157 141 142 136 184 109 156 105 77 80 105 98 89 131 177 122 132 151 126 86 66 58 95 161 81 163 68 129 21 49 127 173 163 143 125 134 165 98 133 152 143 75 97 88 104 146 103 67 177 120 41 
58 10000000 17 21 54 101 85 88 108 156 86 133 82 54 57 82 75 66 147 187 138 148 167 142 102 82 74 111 165 103 167 72 106 43 71 104 145 140 120 102 150 181 114 149 156 159 90 101 43 120 162 80 65 181 136 63 
42 63 10000000 83 98 145 132 103 97 145 70 117 66 38 41 66 59 50 131 171 122 132 151 126 86 66 58 95 167 87 169 74 90 27 55 88 134 124 104 86 134 165 98 133 158 143 81 103 94 104 146 64 49 183 120 47 
121 64 80 10000000 34 81 65 68 88 136 101 148 131 117 120 145 138 129 210 227 201 190 209 154 165 145 137 123 145 108 147 52 94 106 92 110 125 155 160 151 213 239 177 161 136 145 70 81 23 132 204 107 128 161 176 84 
136 162 175 143 10000000 48 35 35 55 103 68 115 98 98 97 129 136 132 199 194 204 214 233 208 168 148 140 177 223 205 225 149 61 156 184 77 92 122 127 118 216 247 180 215 214 223 167 118 121 186 228 74 131 239 202 176 
172 115 131 96 61 10000000 41 95 115 163 128 175 158 158 157 189 189 180 259 254 252 240 259 204 216 196 188 173 176 158 178 102 121 157 142 137 152 182 187 178 264 289 228 211 167 176 120 71 74 182 254 134 179 192 226 134 
170 133 149 114 35 32 10000000 69 89 134 102 149 132 132 131 163 170 166 233 228 238 248 267 222 202 182 174 191 194 176 196 120 95 175 160 111 123 156 161 152 250 281 214 229 185 194 138 89 92 200 262 108 165 210 236 152 
102 158 141 177 35 82 69 10000000 21 69 34 81 64 64 63 95 102 98 165 160 170 180 199 174 134 114 106 143 225 176 217 169 27 122 150 43 58 88 93 84 182 213 146 181 216 191 170 152 155 152 194 40 97 241 168 142 
122 178 161 197 55 102 89 21 10000000 49 54 101 84 84 83 115 122 118 185 180 190 200 219 194 154 134 126 163 245 196 237 189 47 142 170 63 38 90 113 104 202 233 166 201 236 211 190 172 175 172 214 60 117 261 188 162 
106 162 145 182 92 139 126 58 38 10000000 38 54 68 68 67 99 106 102 138 133 150 184 203 178 138 118 110 147 229 180 221 173 58 126 154 100 55 42 66 88 157 188 150 185 220 195 174 202 193 156 198 44 101 245 172 146 
69 125 108 145 68 115 102 34 28 76 10000000 48 31 31 30 62 69 65 132 127 137 147 166 141 101 81 73 110 192 143 184 136 21 89 117 76 65 55 60 51 149 180 113 148 183 158 137 165 156 119 161 7 64 208 135 109 
110 166 149 186 109 156 143 75 69 89 42 10000000 72 72 71 103 110 106 85 80 97 145 164 176 142 122 114 151 233 184 225 177 62 130 158 117 106 68 13 92 104 135 127 189 224 199 178 206 197 160 159 48 105 249 176 150 
65 121 104 141 89 136 123 64 58 106 31 78 10000000 29 26 32 39 48 111 106 123 143 162 137 97 77 69 106 188 139 180 132 51 85 113 79 95 85 39 21 130 161 109 144 179 154 133 161 152 115 157 25 60 204 131 105 
178 222 217 203 61 108 95 77 97 145 110 157 140 10000000 139 171 178 174 241 236 246 256 275 250 210 190 182 219 283 252 285 209 103 198 226 51 134 164 169 160 258 289 222 257 274 267 227 178 181 228 270 116 173 299 244 218 
40 96 79 116 88 135 122 63 57 105 30 77 26 28 10000000 33 40 36 117 131 108 118 137 112 72 52 44 81 163 114 155 107 50 60 88 78 94 84 64 46 120 151 84 119 154 129 108 136 127 90 132 24 35 179 106 80 
49 105 88 125 120 167 154 95 89 137 62 109 32 60 33 10000000 8 17 124 137 115 125 144 119 79 59 51 88 170 121 162 116 82 69 97 110 126 116 70 52 127 158 91 126 161 136 115 145 136 97 139 56 42 186 113 89 
42 98 81 118 116 163 150 91 85 133 58 105 28 56 29 8 10000000 10 117 133 108 118 137 112 72 52 44 81 163 114 155 109 78 62 90 106 122 112 66 48 120 151 84 119 154 129 108 138 129 90 132 52 35 179 106 82 
33 89 72 109 123 170 157 98 92 140 65 112 37 63 36 17 10 10000000 108 142 99 109 128 103 63 43 35 72 154 105 146 100 85 53 81 113 129 119 75 57 111 142 75 110 145 120 99 129 120 81 123 59 26 170 97 73 
135 191 174 211 134 181 168 100 94 114 67 86 97 97 96 128 135 131 10000000 47 64 117 136 148 167 147 139 176 258 209 250 202 87 155 183 142 131 93 38 20 76 107 94 214 249 224 203 231 222 185 131 73 130 274 170 175 
154 210 193 230 153 200 187 119 113 133 86 105 116 116 115 147 154 150 20 10000000 18 71 90 102 136 149 158 138 220 184 212 221 106 174 202 161 150 112 57 39 30 61 48 176 211 186 222 250 241 147 85 92 149 236 124 194 
180 236 219 256 179 226 213 145 139 159 112 131 142 142 141 173 180 176 46 58 10000000 54 73 85 119 132 184 121 203 167 195 242 132 200 223 187 176 138 83 65 13 44 31 159 194 169 210 271 262 130 68 118 175 219 107 215 
166 200 205 220 244 291 278 210 204 224 177 196 207 207 193 200 193 184 111 113 83 10000000 20 32 66 79 150 68 150 114 142 189 197 186 170 252 241 203 148 130 71 50 78 106 141 116 157 218 209 77 15 183 159 166 54 162 
206 240 245 260 238 285 272 204 198 218 171 190 201 201 200 232 233 224 105 94 64 41 10000000 72 106 119 190 108 168 154 182 229 191 226 210 246 235 197 142 124 52 31 94 146 159 156 197 255 249 117 55 177 199 184 94 202 
135 169 174 189 213 260 247 179 173 193 146 165 176 176 162 169 162 153 80 126 71 37 56 10000000 35 48 119 37 119 83 111 158 166 155 139 221 210 172 117 99 83 86 47 75 110 85 126 187 178 46 51 152 128 135 23 131 
147 181 186 201 179 226 213 145 139 159 112 131 142 142 141 173 174 165 46 92 37 47 66 78 10000000 60 131 49 131 95 123 170 132 167 151 187 176 138 83 65 49 80 13 87 122 97 138 199 190 58 61 118 140 147 35 143 
167 201 206 221 199 246 233 165 159 179 132 151 162 162 161 193 194 185 66 112 57 67 86 98 21 10000000 151 69 151 115 143 190 152 187 171 207 196 158 103 85 69 100 33 107 142 117 158 219 210 78 81 138 160 167 55 163 
17 73 56 93 126 173 157 106 100 148 73 120 69 71 44 51 44 35 74 120 65 75 94 69 29 9 10000000 38 120 71 112 84 93 37 65 121 137 127 107 89 77 108 41 76 111 86 65 113 104 47 89 67 10 136 63 57 
99 133 138 153 186 233 217 188 182 224 155 196 151 153 126 133 126 117 111 157 102 68 87 32 66 79 83 10000000 83 47 75 122 175 119 103 203 219 203 148 130 114 117 78 39 74 49 90 151 142 10 82 149 92 99 54 95 
81 115 120 135 168 215 199 170 164 212 137 184 133 135 108 115 108 99 138 184 129 111 130 75 93 73 65 44 10000000 29 57 104 157 101 85 185 201 191 171 153 141 160 105 43 63 31 72 133 124 53 125 131 74 17 97 77 
53 102 92 122 155 202 186 142 136 184 109 156 105 107 80 87 80 71 110 156 101 83 102 47 65 45 37 16 98 10000000 90 91 129 73 72 157 173 163 143 125 113 132 77 54 89 64 59 120 111 25 97 103 46 114 69 64 
125 87 103 107 140 187 171 174 194 242 172 219 168 140 143 159 152 143 182 228 173 155 174 119 137 117 109 88 169 73 10000000 76 192 129 57 190 231 226 206 188 185 204 149 126 160 136 35 105 96 97 169 166 118 185 141 49 
109 71 87 52 85 132 116 119 139 187 152 199 152 124 127 143 136 127 166 212 157 139 158 103 121 101 93 72 94 57 96 10000000 145 113 41 161 176 206 190 172 169 188 133 110 85 94 19 30 30 81 153 150 102 110 125 33 
129 185 168 204 62 109 96 28 8 56 61 108 91 91 90 122 129 125 192 187 197 207 226 201 161 141 133 170 252 203 244 196 10000000 149 177 70 45 97 120 111 209 240 173 208 243 218 197 179 182 179 221 67 124 268 195 169 
54 37 20 57 90 137 121 122 116 164 89 136 85 57 60 85 78 69 111 157 102 112 131 106 66 46 38 75 141 61 143 48 109 10000000 29 107 153 143 123 105 114 145 78 113 132 123 55 77 68 84 126 83 47 157 100 21 
88 31 47 51 84 131 115 118 138 186 116 163 112 84 87 112 105 96 177 217 168 177 196 141 132 112 104 110 132 95 134 39 136 73 10000000 134 175 170 150 132 180 211 144 148 123 132 57 68 40 119 191 110 95 148 163 71 
156 200 195 181 39 86 73 55 75 123 88 135 118 118 117 149 156 152 219 214 224 234 253 228 188 168 160 197 261 230 263 187 81 176 204 10000000 112 142 147 138 236 267 200 235 252 245 205 156 159 206 248 94 151 277 222 196 
117 173 156 193 92 139 123 58 38 12 49 65 79 79 78 110 117 113 149 144 161 195 214 189 149 129 121 158 240 191 232 184 69 137 165 100 10000000 53 77 99 168 199 161 196 231 206 185 209 204 167 209 55 112 256 183 157 
127 183 166 203 113 160 147 79 59 22 59 72 89 89 88 120 127 123 156 151 168 205 224 199 159 139 131 168 250 201 242 194 79 147 175 121 45 10000000 84 109 175 206 171 206 241 216 195 223 214 177 219 65 122 266 193 167 
98 154 137 174 97 144 131 63 57 77 30 49 60 60 59 91 98 94 73 68 85 133 152 164 130 110 102 139 221 172 213 165 50 118 146 105 94 56 10000000 80 92 123 115 177 212 187 166 194 185 148 147 36 93 237 164 138 
116 172 155 192 115 162 149 81 75 95 48 67 78 78 77 109 116 112 91 86 103 151 170 182 148 128 120 157 239 190 231 183 68 136 164 123 112 74 19 10000000 110 141 133 195 230 205 184 212 203 166 165 54 111 255 182 156 
191 241 230 261 190 237 224 156 150 170 123 142 153 153 152 184 191 187 57 46 13 42 61 73 107 120 191 109 191 155 183 230 143 211 211 198 187 149 94 76 10000000 32 43 147 182 157 198 259 250 118 56 129 186 207 95 203 
176 210 215 230 254 301 288 220 214 234 187 206 217 217 203 210 203 194 121 123 93 11 30 42 76 89 160 78 160 124 152 199 207 196 180 262 251 213 158 140 81 10000000 88 116 151 126 167 228 219 87 25 193 169 176 64 172 
200 234 239 254 278 325 312 244 238 258 211 230 241 241 227 234 227 218 145 147 117 35 54 66 100 113 184 102 184 148 176 223 231 220 204 286 275 237 182 164 105 84 10000000 140 175 150 191 252 243 111 49 217 193 200 88 196 
125 159 164 179 212 251 220 214 208 256 181 228 177 179 152 159 152 143 155 190 146 112 97 76 110 117 109 88 45 73 87 142 201 145 129 229 245 235 192 174 148 127 122 10000000 36 75 116 132 168 97 126 175 118 61 98 121 
90 124 129 144 177 216 185 179 173 221 146 193 142 144 117 124 117 108 147 193 138 120 139 84 102 82 74 53 10 38 52 107 166 110 94 194 210 200 180 162 150 169 114 52 10000000 40 81 97 133 62 134 140 83 26 106 86 
10 85 101 105 138 185 169 172 183 231 156 203 152 138 127 134 127 118 157 203 148 130 149 94 112 92 84 63 42 48 27 74 176 120 55 188 220 210 190 172 160 179 124 84 33 10000000 42 103 94 72 144 150 93 58 116 47 
91 53 69 73 106 153 137 140 160 208 138 185 134 106 109 125 118 109 148 194 139 121 140 85 103 83 75 54 135 39 128 42 158 95 23 156 197 192 172 154 151 170 115 92 126 102 10000000 71 62 63 135 132 84 151 107 15 
161 104 120 85 118 120 89 152 172 220 185 232 185 157 160 185 178 169 227 273 218 200 219 164 182 162 154 133 106 118 108 62 178 146 102 194 209 239 223 205 230 249 194 148 97 106 80 10000000 63 142 214 183 163 122 186 94 
99 42 58 23 56 103 87 90 110 158 123 170 123 95 98 123 116 107 188 228 179 168 187 132 143 123 115 101 123 86 125 30 116 84 70 132 147 177 161 143 191 217 155 139 114 123 48 59 10000000 110 182 121 106 139 154 62 
90 124 129 144 177 224 208 179 173 221 146 193 142 144 117 124 117 108 147 193 138 120 124 84 102 82 74 53 74 38 66 113 166 110 94 194 210 200 180 162 150 154 114 30 65 40 81 142 133 10000000 134 140 83 90 106 86 
152 185191 206 230 277 264 196 190 210 163 182 193 193 179 186 179 170 97 133 88 54 40 18 52 65 136 54 136 100 128 175 183 172 156 238 227 189 134 116 91 70 64 92 127 102 143 204 195 63 10000000 169 145 152 40 148 0 
63 119 102 139 74 121 108 40 34 82 7 54 25 25 24 56 63 59 135 130 131 141 160 135 95 75 67 104 186 137 178 130 27 83 111 75 71 61 63 45 143 174 107 142 177 152 131 16 150 113 155 10000000 58 202 129 103 
8 64 47 84 117 164 148 97 91 139 64 111 60 62 35 42 35 26 83 129 74 84 103 78 38 18 10 47 129 80 121 75 84 28 56 112 128 118 98 80 86 117 50 85 120 95 74 104 95 56 98 58 10000000 145 72 48 
151 185 190 205 238 277 246 240 234 282 207 254 203 205 178 185 178 169 181 216 172 138 123 102 136 143 135 114 71 99 113 168 227 171 155 255 271 261 218 200 174 153 148 27 62 101 142 158 194 123 152 201 144 10000000 124 147 
113 147 152 167 200 247 231 202 196 238 169 210 165 167 140 147 140 131 125 171 116 82 101 46 80 93 97 15 97 61 89 136 189 133 117 217 233 217 162 144 128 131 92 53 88 63 104 165 156 24 96 163 106 113 10000000 109 
96 39 55 59 92 139 123 126 146 194 124 171 120 92 95 120 113 104 185 225 176 166 185 130 140 120 112 99 121 84 123 28 144 81 9 142 183 178 158 140 188 215 152 137 112 121 46 57 48 108 180 118 103 137 152 1000000001 